======================================================================================================
10101010                     01
1       10      1010         01    10        010                              1010          0101010
1       10     0     10      01   01      01     10      0101101  0101       0     10      01     10
10101010     10       01     01010        101010101    010     010    01    10      01    01       01
1            10       01     010101       10           01      01     01    10      01    01       01
1              0     10      01    10      01    10    01      01     01     0     10     01       01
1               1010         01      01     10101      01      01     01       1010       01       01

======================================================================================================
